hamming_loss:	0.07328
avg_precision:	0.59618
one_error:	0.49054000000000003
ranking_loss:	0.14984000000000003
coverage:	0.19485999999999998
macrof1:	0.34096000000000004
microf1:	0.45430000000000004
