hamming_loss:	0.07458000000000001
avg_precision:	0.5954200000000001
one_error:	0.49578000000000005
ranking_loss:	0.14792
coverage:	0.19579999999999997
macrof1:	0.33914000000000005
microf1:	0.4495
