hamming_loss:	0.06760000000000001
avg_precision:	0.6079600000000001
one_error:	0.47850000000000004
ranking_loss:	0.13588
coverage:	0.18108
macrof1:	0.25667999999999996
microf1:	0.40793999999999997
