hamming_loss:	0.07009999999999998
avg_precision:	0.6011599999999999
one_error:	0.5012000000000001
ranking_loss:	0.13738
coverage:	0.18059999999999996
macrof1:	0.29422000000000004
microf1:	0.41814
