hamming_loss:	0.07124
avg_precision:	0.6110800000000001
one_error:	0.4861599999999999
ranking_loss:	0.13485999999999998
coverage:	0.17848000000000003
macrof1:	0.3438800000000001
microf1:	0.45120000000000005
