hamming_loss:	0.07036
avg_precision:	0.6037600000000001
one_error:	0.48732
ranking_loss:	0.13679999999999998
coverage:	0.18214000000000002
macrof1:	0.28304
microf1:	0.41609999999999997
