hamming_loss:	0.07125999999999999
avg_precision:	0.6133599999999999
one_error:	0.48333999999999994
ranking_loss:	0.13396000000000002
coverage:	0.17868
macrof1:	0.33397999999999994
microf1:	0.45253999999999994
