hamming_loss:	0.07126
avg_precision:	0.60398
one_error:	0.49438000000000004
ranking_loss:	0.13807999999999998
coverage:	0.18152000000000004
macrof1:	0.30016
microf1:	0.43389999999999995
