hamming_loss:	0.06716000000000001
avg_precision:	0.58752
one_error:	0.5045999999999999
ranking_loss:	0.14478
coverage:	0.18974000000000002
macrof1:	0.24777999999999997
microf1:	0.39074
