hamming_loss:	0.0685
avg_precision:	0.60594
one_error:	0.48453999999999997
ranking_loss:	0.13594
coverage:	0.17875999999999997
macrof1:	0.28202000000000005
microf1:	0.42813999999999997
