hamming_loss:	0.0767
avg_precision:	0.6014199999999998
one_error:	0.49598000000000003
ranking_loss:	0.14679999999999999
coverage:	0.19297999999999998
macrof1:	0.35286
microf1:	0.44921999999999995
