hamming_loss:	0.06784
avg_precision:	0.6058800000000001
one_error:	0.49436
ranking_loss:	0.13535999999999998
coverage:	0.17814000000000002
macrof1:	0.29644
microf1:	0.42366000000000004
