hamming_loss:	0.07176
avg_precision:	0.6158399999999999
one_error:	0.47972000000000004
ranking_loss:	0.13552
coverage:	0.18181999999999998
macrof1:	0.35725999999999997
microf1:	0.46048
