hamming_loss:	0.07156
avg_precision:	0.6147600000000001
one_error:	0.48212
ranking_loss:	0.13671999999999998
coverage:	0.18275999999999998
macrof1:	0.36216
microf1:	0.46715999999999996
